282.4 120.0 30.400000000000034 19.19999999999999
282.4 142.4 28.80000000000001 18.400000000000006
282.4 164.0 29.600000000000023 18.400000000000006
282.4 185.6 29.600000000000023 17.599999999999994
282.4 205.6 29.600000000000023 19.200000000000017
282.4 228.0 29.600000000000023 17.599999999999994
282.4 252.0 29.600000000000023 18.399999999999977
282.4 276.0 29.600000000000023 18.399999999999977
276.8 54.4 75.19999999999999 16.800000000000004
355.2 54.4 61.60000000000002 14.399999999999999
703.2 27.2 29.59999999999991 17.599999999999998
733.6 28.0 30.399999999999977 16.799999999999997
766.4 28.0 28.800000000000068 16.799999999999997
292.8 76.8 63.19999999999999 18.400000000000006
360.8 76.8 70.39999999999998 18.400000000000006
452.8 76.0 34.39999999999998 19.200000000000003
492.8 76.0 35.19999999999999 19.200000000000003
532.8 76.0 34.40000000000009 19.200000000000003
846.4 76.8 34.39999999999998 19.200000000000003
885.6 76.8 30.399999999999977 17.60000000000001
920.0 76.8 31.200000000000045 18.400000000000006
956.0 76.8 29.600000000000023 18.400000000000006
990.4 76.8 35.19999999999993 18.400000000000006
1031.2 76.8 29.59999999999991 17.60000000000001
1066.4 76.8 34.399999999999864 18.400000000000006
1106.4 76.8 34.399999999999864 18.400000000000006
2.4 3.2 27.200000000000003 15.2
30.4 4.8 32.0 12.8
64.0 4.8 41.599999999999994 13.599999999999998
108.0 4.8 75.19999999999999 12.0
186.4 4.8 69.6 12.8
260.0 4.8 48.0 12.0
312.0 4.0 32.80000000000001 13.600000000000001
347.2 4.0 52.0 12.8
402.4 4.0 33.60000000000002 13.600000000000001
8.8 27.2 50.400000000000006 18.400000000000002
65.6 27.2 28.80000000000001 17.599999999999998
100.0 27.2 28.80000000000001 19.2
3.2 73.6 32.8 18.400000000000006
231.2 584.8 48.0 41.60000000000002
308.0 583.2 49.60000000000002 42.39999999999998
384.8 581.6 47.19999999999999 44.799999999999955
461.6 582.4 47.19999999999999 43.200000000000045
537.6 583.2 47.19999999999993 42.39999999999998
613.6 584.8 48.0 40.0
691.2 585.6 47.19999999999993 39.19999999999993
767.2 584.8 47.19999999999993 40.80000000000007
843.2 584.8 48.799999999999955 42.40000000000009
920.0 584.8 48.0 40.80000000000007
996.0 584.8 48.799999999999955 40.80000000000007
1072.0 584.8 48.799999999999955 40.80000000000007
1.6 500.0 80.0 17.600000000000023
82.4 500.8 76.0 16.80000000000001
231.2 680.0 48.0 41.60000000000002
307.2 680.0 49.60000000000002 41.60000000000002
378.4 672.8 55.200000000000045 56.0
48.0 110.4 76.8 17.599999999999994
48.0 128.8 116.80000000000001 14.399999999999977
48.0 143.2 110.4 14.400000000000006
56.0 159.2 100.0 16.0
46.4 176.8 125.6 15.199999999999989
47.2 193.6 80.0 14.400000000000006
59.2 210.4 136.8 16.0
60.0 227.2 125.6 12.800000000000011
60.0 241.6 73.6 14.400000000000006
60.0 258.4 77.6 15.200000000000045
59.2 275.2 81.60000000000001 15.199999999999989
59.2 292.0 107.2 15.199999999999989
1257.6 27.2 29.600000000000136 18.400000000000002
1292.0 27.2 29.59999999999991 18.400000000000002
1328.0 26.4 76.79999999999995 19.200000000000003
1411.2 27.2 77.59999999999991 18.400000000000002
47.2 93.6 123.99999999999999 16.0
1194.4 84.0 13.599999999999909 14.400000000000006
1215.2 82.4 188.0 16.0
1408.0 84.0 13.599999999999909 14.400000000000006
1427.2 84.0 55.200000000000045 14.400000000000006
1214.4 107.2 111.19999999999982 16.799999999999997
1378.4 107.2 100.79999999999995 17.599999999999994
1212.8 139.2 267.20000000000005 17.600000000000023
1215.2 165.6 92.0 15.200000000000017
1343.2 164.8 68.79999999999995 16.0
1416.0 164.0 62.40000000000009 16.80000000000001
1304.8 216.0 43.200000000000045 16.0
1304.8 236.0 44.0 16.0
1303.2 256.8 44.0 16.0
1370.4 216.0 44.0 16.0
1371.2 236.0 44.0 16.80000000000001
1369.6 257.6 44.80000000000018 15.199999999999989
1436.8 216.0 44.0 16.0
1436.8 235.2 43.200000000000045 17.600000000000023
1436.8 256.8 44.0 16.80000000000001
1262.4 256.8 18.399999999999864 14.399999999999977
1188.0 288.0 11.200000000000045 12.800000000000011
1288.0 311.2 194.4000000000001 16.80000000000001
1288.0 332.8 193.5999999999999 16.80000000000001
1287.2 355.2 12.799999999999955 12.0
1316.8 355.2 12.0 12.0
1288.8 374.4 192.0 16.0
44.8 75.2 224.8 15.200000000000003
1284.8 482.4 94.40000000000009 18.400000000000034
1383.2 482.4 97.59999999999991 17.600000000000023
1288.8 505.6 192.0 15.199999999999932
1288.8 525.6 192.0 16.0
1288.8 546.4 192.0 16.0
1288.8 587.2 192.0 16.0
1287.2 607.2 194.39999999999986 17.59999999999991
1188.0 640.0 12.799999999999955 13.600000000000023
1287.2 665.6 29.59999999999991 20.799999999999955
1288.0 693.6 192.79999999999995 16.799999999999955
1288.0 716.0 12.799999999999955 12.799999999999955
1288.0 736.8 12.0 13.600000000000023
1303.2 754.4 44.799999999999955 17.600000000000023
1369.6 756.0 45.600000000000136 16.0
1288.8 776.0 191.20000000000005 16.799999999999955
1291.2 816.8 186.39999999999986 16.800000000000068
1292.0 838.4 185.5999999999999 15.200000000000045
1292.0 857.6 185.5999999999999 16.799999999999955
680.8 523.2 315.20000000000005 14.399999999999977
1000.0 518.4 25.59999999999991 20.800000000000068
1026.4 518.4 26.399999999999864 20.800000000000068
1052.8 519.2 25.600000000000136 20.0
1078.4 519.2 25.59999999999991 20.0
1105.6 520.0 39.200000000000045 19.200000000000045
1148.0 79.2 35.200000000000045 32.8
2.4 519.2 28.8 20.0
1120.8 53.6 24.0 16.800000000000004
253.6 53.6 19.200000000000017 15.999999999999993
233.6 53.6 16.80000000000001 15.999999999999993
1121.6 500.0 22.40000000000009 16.0
1104.8 500.0 16.799999999999955 14.399999999999977
1069.6 857.6 70.40000000000009 19.199999999999932
1476.0 53.6 17.59999999999991 17.6
1458.4 54.4 16.799999999999955 16.800000000000004
1464.0 286.4 16.799999999999955 17.600000000000023
1442.4 285.6 19.199999999999818 16.799999999999955
1423.2 284.8 17.59999999999991 16.80000000000001
1463.2 189.6 20.799999999999955 18.400000000000006
1441.6 188.8 19.200000000000045 19.19999999999999
1419.2 188.8 21.59999999999991 20.0
1463.2 637.6 17.59999999999991 18.399999999999977
1443.2 637.6 19.200000000000045 18.399999999999977
1422.4 637.6 20.799999999999955 17.600000000000023
28.8 556.0 96.8 16.0
28.8 572.8 83.2 15.200000000000045
28.0 588.8 84.8 16.0
15.2 640.0 95.2 15.200000000000045
15.2 656.0 173.60000000000002 16.0
15.2 672.8 104.0 14.400000000000091
40.8 688.8 66.4 16.0
40.8 705.6 63.2 15.199999999999932
40.8 721.6 141.60000000000002 16.799999999999955
14.4 738.4 116.79999999999998 16.0
41.6 756.8 92.80000000000001 15.200000000000045
41.6 772.8 76.80000000000001 14.400000000000091
41.6 788.0 66.4 15.200000000000045
25.6 803.2 80.80000000000001 16.799999999999955
42.4 821.6 71.19999999999999 15.199999999999932
42.4 838.4 76.80000000000001 15.200000000000045
42.4 854.4 81.6 15.200000000000045
252.0 94.4 19.19999999999999 14.399999999999991
